0	200	316	200	316	283	447	412
200	0	141	283	316	200	400	224
316	141	0	424	447	316	510	224
200	283	424	0	141	200	283	412
316	316	447	141	0	141	141	361	
283	200	316	200	141	0	200	224	
447	400	510	283	141	200	0	361
412	224	224	412	361	224	361	0